N    : 256
total: 0.001045 s (32.112608 GFlops)
error: 0.000016
