N    : 256
total: 0.015070 s (2.226612 GFlops)
error: 0.000016
