N    : 256
comp : 0.073119 s
comm : 0.000102 s
total: 0.073221 s (0.458262 GFlops)
error: 0.000016
