N    : 256
comp : 0.180038 s
comm : 0.000096 s
total: 0.180134 s (0.186275 GFlops)
error: 0.000016
