N    : 256
total: 0.014595 s (2.299094 GFlops)
error: 0.000016
