N    : 256
total: 0.000959 s (34.971330 GFlops)
error: 0.000016
