N    : 256
comp : 0.224320 s
comm : 0.000074 s
total: 0.224394 s (0.149534 GFlops)
error: 0.000016
