N    : 256
total: 0.000004 s (7692.441999 GFlops)
error: 63.843586
