N    : 256
comp : 0.013384 s
comm : 0.000468 s
total: 0.013852 s (2.422394 GFlops)
error: 0.000016
