N    : 256
total: 0.000005 s (7223.774381 GFlops)
error: 63.843586
