N    : 256
total: 0.000069 s (488.853742 GFlops)
error: 0.000016
